Number of solutions: 92

Solução  1: [7, 3, 0, 2, 5, 1, 6, 4]
Solução  2: [7, 2, 0, 5, 1, 4, 6, 3]
Solução  3: [7, 1, 4, 2, 0, 6, 3, 5]
Solução  4: [7, 1, 3, 0, 6, 4, 2, 5]
Solução  5: [6, 4, 2, 0, 5, 7, 1, 3]
Solução  6: [6, 3, 1, 7, 5, 0, 2, 4]
Solução  7: [6, 3, 1, 4, 7, 0, 2, 5]
Solução  8: [6, 2, 7, 1, 4, 0, 5, 3]
Solução  9: [6, 2, 0, 5, 7, 4, 1, 3]
Solução 10: [6, 1, 5, 2, 0, 3, 7, 4]
Solução 11: [6, 1, 3, 0, 7, 4, 2, 5]
Solução 12: [6, 0, 2, 7, 5, 3, 1, 4]
Solução 13: [5, 7, 1, 3, 0, 6, 4, 2]
Solução 14: [5, 3, 6, 0, 7, 1, 4, 2]
Solução 15: [5, 3, 6, 0, 2, 4, 1, 7]
Solução 16: [5, 3, 1, 7, 4, 6, 0, 2]
Solução 17: [5, 3, 0, 4, 7, 1, 6, 2]
Solução 18: [5, 2, 6, 3, 0, 7, 1, 4]
Solução 19: [5, 2, 6, 1, 7, 4, 0, 3]
Solução 20: [5, 2, 6, 1, 3, 7, 0, 4]
Solução 21: [5, 2, 4, 7, 0, 3, 1, 6]
Solução 22: [5, 2, 4, 6, 0, 3, 1, 7]
Solução 23: [5, 2, 0, 7, 4, 1, 3, 6]
Solução 24: [5, 2, 0, 7, 3, 1, 6, 4]
Solução 25: [5, 2, 0, 6, 4, 7, 1, 3]
Solução 26: [5, 1, 6, 0, 3, 7, 4, 2]
Solução 27: [5, 1, 6, 0, 2, 4, 7, 3]
Solução 28: [5, 0, 4, 1, 7, 2, 6, 3]
Solução 29: [4, 7, 3, 0, 6, 1, 5, 2]
Solução 30: [4, 7, 3, 0, 2, 5, 1, 6]
Solução 31: [4, 6, 3, 0, 2, 7, 5, 1]
Solução 32: [4, 6, 1, 5, 2, 0, 7, 3]
Solução 33: [4, 6, 1, 5, 2, 0, 3, 7]
Solução 34: [4, 6, 1, 3, 7, 0, 2, 5]
Solução 35: [4, 6, 0, 3, 1, 7, 5, 2]
Solução 36: [4, 6, 0, 2, 7, 5, 3, 1]
Solução 37: [4, 2, 7, 3, 6, 0, 5, 1]
Solução 38: [4, 2, 0, 6, 1, 7, 5, 3]
Solução 39: [4, 2, 0, 5, 7, 1, 3, 6]
Solução 40: [4, 1, 7, 0, 3, 6, 2, 5]
Solução 41: [4, 1, 5, 0, 6, 3, 7, 2]
Solução 42: [4, 1, 3, 6, 2, 7, 5, 0]
Solução 43: [4, 1, 3, 5, 7, 2, 0, 6]
Solução 44: [4, 0, 7, 5, 2, 6, 1, 3]
Solução 45: [4, 0, 7, 3, 1, 6, 2, 5]
Solução 46: [4, 0, 3, 5, 7, 1, 6, 2]
Solução 47: [3, 7, 4, 2, 0, 6, 1, 5]
Solução 48: [3, 7, 0, 4, 6, 1, 5, 2]
Solução 49: [3, 7, 0, 2, 5, 1, 6, 4]
Solução 50: [3, 6, 4, 2, 0, 5, 7, 1]
Solução 51: [3, 6, 4, 1, 5, 0, 2, 7]
Solução 52: [3, 6, 2, 7, 1, 4, 0, 5]
Solução 53: [3, 6, 0, 7, 4, 1, 5, 2]
Solução 54: [3, 5, 7, 2, 0, 6, 4, 1]
Solução 55: [3, 5, 7, 1, 6, 0, 2, 4]
Solução 56: [3, 5, 0, 4, 1, 7, 2, 6]
Solução 57: [3, 1, 7, 5, 0, 2, 4, 6]
Solução 58: [3, 1, 7, 4, 6, 0, 2, 5]
Solução 59: [3, 1, 6, 4, 0, 7, 5, 2]
Solução 60: [3, 1, 6, 2, 5, 7, 0, 4]
Solução 61: [3, 1, 6, 2, 5, 7, 4, 0]
Solução 62: [3, 1, 4, 7, 5, 0, 2, 6]
Solução 63: [3, 0, 4, 7, 5, 2, 6, 1]
Solução 64: [3, 0, 4, 7, 1, 6, 2, 5]
Solução 65: [2, 7, 3, 6, 0, 5, 1, 4]
Solução 66: [2, 6, 1, 7, 5, 3, 0, 4]
Solução 67: [2, 6, 1, 7, 4, 0, 3, 5]
Solução 68: [2, 5, 7, 1, 3, 0, 6, 4]
Solução 69: [2, 5, 7, 0, 4, 6, 1, 3]
Solução 70: [2, 5, 7, 0, 3, 6, 4, 1]
Solução 71: [2, 5, 3, 1, 7, 4, 6, 0]
Solução 72: [2, 5, 3, 0, 7, 4, 6, 1]
Solução 73: [2, 5, 1, 6, 4, 0, 7, 3]
Solução 74: [2, 5, 1, 6, 0, 3, 7, 4]
Solução 75: [2, 5, 1, 4, 7, 0, 6, 3]
Solução 76: [2, 4, 7, 3, 0, 6, 1, 5]
Solução 77: [2, 4, 6, 0, 3, 1, 7, 5]
Solução 78: [2, 4, 1, 7, 5, 3, 6, 0]
Solução 79: [2, 4, 1, 7, 0, 6, 3, 5]
Solução 80: [2, 0, 6, 4, 7, 1, 3, 5]
Solução 81: [1, 7, 5, 0, 2, 4, 6, 3]
Solução 82: [1, 6, 4, 7, 0, 3, 5, 2]
Solução 83: [1, 6, 2, 5, 7, 4, 0, 3]
Solução 84: [1, 5, 7, 2, 0, 3, 6, 4]
Solução 85: [1, 5, 0, 6, 3, 7, 2, 4]
Solução 86: [1, 4, 6, 3, 0, 7, 5, 2]
Solução 87: [1, 4, 6, 0, 2, 7, 5, 3]
Solução 88: [1, 3, 5, 7, 2, 0, 6, 4]
Solução 89: [0, 6, 4, 7, 1, 3, 5, 2]
Solução 90: [0, 6, 3, 5, 7, 1, 4, 2]
Solução 91: [0, 5, 7, 2, 6, 3, 1, 4]
Solução 92: [0, 4, 7, 5, 2, 6, 1, 3]
